product_id,month_1_demand,month_2_demand,month_3_demand,month_4_demand,month_5_demand,month_6_demand
P001,20,35,50,65,80,90
P002,22,38,54,70,84,95
P003,21,36,52,67,82,92
P004,25,42,60,78,95,110
P005,18,30,44,58,70,80
P006,15,28,40,52,63,72
P007,17,30,43,56,68,78
P008,20,34,48,62,75,86
P009,14,25,37,48,58,67
P010,18,31,45,58,70,81
P011,28,45,63,82,100,115
P012,30,48,67,87,105,122
P013,27,44,61,80,97,112
P014,33,52,72,93,113,130
P015,29,46,65,84,102,118
P016,32,50,70,90,110,128
P017,35,54,75,97,118,138
P018,30,48,67,86,105,122
P019,38,58,80,103,125,145
P020,33,52,72,93,113,132
P021,23,39,55,71,86,98
P022,16,29,42,54,66,76
P023,29,47,65,84,102,119
P024,36,55,76,98,119,139
P025,21,37,53,68,83,95
P026,15,27,40,51,62,72
P027,28,45,63,81,99,115
P028,33,51,71,91,111,129
P029,24,40,57,73,89,102
P030,17,30,44,57,69,80